Maximum Von Mises stress is 164.25981315273148MPa

y=0
Howland: -1.254
Simulation: -0.6916890950786694
0.4484137997777756

x=0
Howland: 3.351
Simulation: 2.5451312269807116
0.24048605580999355